-45
89
-128
127
34
-89
12
67
-34
98
-67
45
-23
78
-112
91
-78
56
23
-45
89
-91
34
67
-56
12
-89
45
78
-34
91
-67
23
-78
56
89
-45
127
-128
34
-89
12
67
-34
98
-67
45
-23
78
-112
91
-78
56
23
-45
89
-91
34
67
-56
12
-89
45
78
-34
91
-67
23
-78
56
89
-45
34
-89
12
67
-34
98
-67
45
-23
78
-112
91
-78
56
23
-45
89
-91
34
67
-56
12
-89
45
78
-34
91
-67
23
-78
56
89
-45
127
-128
34
-89
12
67
-34
98
-67
45
-23
78
-112
91
-78
56
23
-45
89
-91
34
67
-56
12
-89
45
78
-34
91
-67
23
-78
56
89
-45
34
-89
12
67
-34
98
-67
45
-23
78
-112
91
-78
56
23
-45
89
-91
34
67
-56
12
-89
45
78
-34
91
-67
23
-78
56
89
-45
127
-128
34
-89
12
67
-34
98
-67
45
-23
78
-112
91
-78
56
23
-45
89
-91
34
67
-56
12
-89
45
78