4.9E-324
1.7976931348623157E+308
2.345E+123
8.901E-234
3.456E+89
7.123E-45
-9.876E+167
5.432E-78
1.234E+56
6.789E-189
4.567E+234
8.901E-123
2.345E+78
7.654E-156
3.210E+45
9.876E-234
5.432E+189
-1.234E-78
6.789E+156
4.567E-89
8.901E+234
2.345E-167
7.654E+123
3.210E-56
9.876E+189
5.432E-234
1.234E+78
6.789E-123
4.567E+56
8.901E-189
2.345E+234
7.654E-78
3.210E+156
9.876E-89
5.432E+234
1.234E-167
6.789E+123
4.567E-56
8.901E+189
2.345E-234
7.654E+78
3.210E-123
9.876E+56
5.432E-189
1.234E+234
6.789E-78
4.567E+156
8.901E-89
2.345E+234
7.654E-167
-3.210E+123
9.876E-56
5.432E+189
1.234E-234
6.789E+78
4.567E-123
8.901E+56
2.345E-189
7.654E+234
3.210E-78
9.876E+156
5.432E-89
1.234E+275
8.901E-198
3.456E+167
6.789E-145
2.345E+123
9.876E-234
4.567E+189
7.654E-167
1.234E+145
5.432E-198
8.901E+234
2.345E-156
6.789E+178
3.210E-189
-9.876E+145
4.567E-234
7.654E+189
1.234E-167
5.432E+234
8.901E-198
2.345E+156
6.789E-145
3.210E+189
9.876E-234
4.567E+145
7.654E-167
1.234E+234
5.432E-198
8.901E+189
2.345E-156
6.789E+145
3.210E-189
9.876E+234
4.567E-167
7.654E+189
1.234E-234
5.432E+156
8.901E-198
2.345E+189
6.789E-145
3.210E+234
9.876E-167
4.567E+145
7.654E-234
-1.234E+189
5.432E-198
8.901E+156
2.345E-145
6.789E+234
3.210E-167
9.876E+189
4.567E-234
7.654E+145
1.234E-198
5.432E+234
8.901E-167
2.345E+189
6.789E-234
3.210E+156
9.876E-198
4.567E+234
7.654E-145
1.234E+189
5.432E-167
-8.901E+145
-2.345E-234
6.789E+189
3.210E-198
-9.876E+156
4.567E-145
7.654E+234
1.234E-167
5.432E+189
8.901E-234
2.345E+145
6.789E-198
3.210E+234
9.876E-145
4.567E+189
7.654E-167
1.234E+156
5.432E-234
8.901E+189
-2.345E-198
6.789E+234
3.210E-145
9.876E+189
-4.567E-167
7.654E+145
1.234E-234
5.432E+234
8.901E-198
2.345E+189
6.789E-145
-3.210E+156
9.876E-167
4.567E+234
7.654E-234
1.234E+189
5.432E-198
8.901E+145
2.345E-145
6.789E+234
3.210E-167
9.876E+189
4.567E-234
7.654E+156
1.234E-198
5.432E+234
8.901E-145
-3.210E+123
9.876E-56
5.432E+189
1.234E-234
6.789E+78
4.567E-123
8.901E+56
2.345E-189
7.654E+234
3.210E-78
9.876E+156
5.432E-89
1.234E+275
2.345E+189
6.789E-167
3.210E+145
9.876E-234
4.567E+234
7.654E-198
1.234E+189
5.432E-145
8.901E+156
2.345E-167
6.789E+234
3.210E-234
9.876E+189
4.567E-198
7.654E+145