-21474836.214748
1234567.123456
-987654321.987654
1234567890.123456
-67.675849
-24681.246813
-987.987654
19283.192837
10293.102938
21474836.214748
-2.246813
-5647.564738
-2468135.246813
1029384756.102938
-9876.987654
-2147483648.214748
2147.214748
1029.102938
13579.135792
1928.192837
1357924.135792
-0.564738
102938.102938
-214748.214748
1.102938
2147483647.214748
192.192837
2.214748
21474.214748
214748364.214748
1.135792
-2.214748
-6.675849
-9.987654
1928374.192837
-0.246813
1357924680.135792
135792468.135792
-0.214748
13.135792
192837.192837
1.123456
-5647382.564738
192837465.192837
19.192837
10.102938
-21.214748
-56473829.564738
-987654.987654
-67584930.675849
12345678.123456
-246.246813
102938475.102938
-24681357.246813
-98765432.987654
135792.135792
-98765.987654
-98.987654
-564738291.564738
102.102938
-9876543.987654
1357.135792
123456.123456
-24.246813
1029384.102938
19283746.192837
2147483.214748
-675849.675849
-56473.564738
-6758.675849
1928374650.192837
-0.987654
-0.675849
-2468.246813
-5.564738
123456789.123456
-564.564738
-675.675849
21.214748
13579246.135792
123.123456
-67584.675849
1.192837
-2147.214748
1234.123456
-214.214748
12.123456
-675849302.675849
-56.564738
10293847.102938
12345.123456
-246813.246813
-246813579.246813
-6758493.675849
214.214748
-2147483.214748
-564738.564738
214748.214748
135.135792
-21474.214748
-2.214748
-6.675849
-9.987654
1928374.192837
-0.246813
1357924680.135792
135792468.135792
-0.214748
13.135792
192837.192837