-123456789
987654321
-2147483647
2147483646
-987654321
123456789
-135792468
246813579
-111111111
222222222
-333333333
444444444
-555555555
666666666
-777777777
888888888
-999999999
101010101
-202020202
303030303
-404040404
505050505
-606060606
707070707
-808080808
909090909
-121212121
131313131
-141414141
151515151
-161616161
171717171
-181818181
191919191
-202020202
212121212
-232323232
242424242
-252525252
262626262
-272727272
282828282
-292929292
303030303
-313131313
323232323
-333333333
343434343
-353535353
363636363
-373737373
383838383
-393939393
404040404
-414141414
424242424
-434343434
444444444
-454545454
464646464
-474747474
484848484
-494949494
505050505
-515151515
525252525
-535353535
545454545
-555555555
565656565
-575757575
585858585
-595959595
606060606
-616161616
626262626
-636363636
646464646
-656565656
666666666
-676767676
686868686
-696969696
707070707
-717171717
727272727
-737373737
747474747
-757575757
767676767
-777777777
787878787
-797979797
808080808
-818181818
828282828
-838383838
848484848
-858585858
868686868
-878787878
888888888
-898989898
909090909
-919191919
929292929
-939393939
949494949
-959595959
969696969
-979797979
989898989
-999999999
1010101010
-1111111111
1212121212
-1313131313
1414141414
-1515151515
1616161616
-1717171717
1818181818
-1919191919
2020202020
-2121212121
2222222222
-2323232323
2424242424
-2525252525
2626262626
-2727272727
2828282828
-2929292929
3030303030
-3131313131
3232323232
-3333333333
3434343434
-3535353535
3636363636
-3737373737
3838383838
-3939393939
4040404040
-4141414141
4242424242
-4343434343
4444444444
-4545454545
4646464646
-4747474747
4848484848
-4949494949
5050505050
-5151515151
5252525252
-5353535353
5454545454
-5555555555
5656565656
-5757575757
5858585858
-5959595959
6060606060
-6161616161
6262626262
-6363636363
6464646464
-6565656565
6666666666
-6767676767
6868686868
-6969696969
7070707070
-7171717171
7272727272
-7373737373
7474747474
-7575757575
7676767676
-7777777777
7878787878
-7979797979
8080808080
-8181818181
8282828282
-8383838383
8484848484
-8585858585
8686868686
-8787878787
8888888888
-8989898989
9090909090
-9191919191
9292929292
-9393939393
9494949494
-9595959595
9696969696