-7486630302917550447
-9014315708393503104
5793743070945927512
-5787231101579493609
6730745727734205414
8924638617970896057
-8774016626725938486
163875531350122017
3871779780839555065
2966377342851157813
-9006674779031656362
-774423377359346693
-3930097434268138103
332638812338076251
3127995801850418386
8741812423762309155
-4132877422139106183
-3731409712113749362
748587638277836535
1506162273252098834
2778157655423896728
-2592205327966425760
-3411377980224792242
-2238231980057578287
-5378797888313201487
-1194729337666226819
2941840160691998359
7137004393496037970
-5374543146828752099
690180235017499061
7879470071485611134
-359898448560022714
6469996463313815536
4120296480217046590
6491333578405555303
3753962184670239563
-2277354784110731154
6881707118322056220
8881129353786246020
-5857760383540707686
-5438912459076015288
2978286352930719578
-2068893580785089475
-8533595357382242407
1478939615479778728
-3186592371329869236
-2978144271510596614
-8855908845913839451
1511020629514455367
8246511145532888332
-3585167722260035015
690932823325957280
-1834074067628386790
7434315891350640305
6676927595965677813
-665491298406392774
-2280965090807493681
9053619698084895183
-2379370718328902241
3544541116515257178
692575671504665799
159792787505331402
-8963067953615036668
6325593501199877671
-3331648303117628223
-2490791607041529539
2191541868500341557
896454630024221601
-5025441924074627606
-1989400293407316153
11490902890171541
-276790962041179905
1422026676568342852
-1058028861823823573
-2881507060775438104
7157186922756580861
-1260176411965431291
1351085780436598108
8429006601690528197
7004311272498497432
1763692874586126180
-4205126837920902059
-4909611525936069570
8174926709174291462
8897103233347584591
3370701297925093402
-7504934863096704492
-833897547563685262
-2894780154410046345
-3081025563935144970
2615286169081560671
-5080195970962455979
3804063610190765539
-2330048437795461716
7526623541854921959
5428503016161683308
6439987825722813802
-7723640886869023011
-4100319902027483384
-3030938501677934336
1732039420533820350
5904758640295069833
7287497823059251092
1717041301494973802
-560568709916085818
-4246782745558481098
-6214333982941072436
4615807890975208660
2961559441096517451
-7702332220737634481
981377489330740531
-8089996846709600309
-1174161068885513759
4129090101279201693
4953274029444026362
-5010291301981937706
-5245862916447847955
-4124848240095062270
-8677972435047310621
3878281676557943927
-5231960229005973370
-9058357841878457186
1759448793592057494
2414879395960965404
7841282542532934187
-2379370718328902241
3544541116515257178
692575671504665799
159792787505331402
-8963067953615036668
6325593501199877671
-3331648303117628223
-2490791607041529539
2191541868500341557
896454630024221601
-5025441924074627606
-1989400293407316153
-1884278122874651680
-6578225186245329964
-6216979307714718349
-3296783082603539545
3903276795937457950
8244071776039129883
-3448081951088099291
1086398692008923170
-4719050732569561686
-2952543967115908892
7991659033845385302
7108924703131236742
4462708587406689045
-9167030707219394408
-6014545664339852077
8604612558164101813
-7924206525852326666
4127207677338940836
-5412617610466786717
2159516041097033909
-264964666932226472
-8057372097674211988
-7523979503845165675
2181249531258421498
-4372769317784633581
4793208269025056562
49056734692282067
6078266420487005590
8078955420935791016
-7660848311759698873
4284134316312958070
7251696011289733154
2989777078865747427
1766897100237551310
1894938648266698856
-8505666591495339742
-7277230693155055542
-977612717050335278
-8616759512469102760
6168644263759875177
-6477408394821426833
9175260841763597616
9105666873123357113
1536016020996075605
8503344503656522333
-6706852631868172599
3388045328328384541
-4182408458819800166
-4310842575534620999
1291375098894628859
1599134240525421889
-8346123492758374511
4527894647316375694
-5368588685467069901
-1576226452003990732
5729354701374897753
5675509904595956613
3302458790400198120
5691215480261723204
8616784966690212724
2187973001323187805
-3280217354043914698
-4037726822204619624