-12847
29384
-15937
8472
19384
-27495
3847
-9283
17495
-4827
25938
-31847
6374
-21495
14827
-8374
23948
-17483
9274
-25938
4827
-19384
31847
-6374
15937
-29384
8472
-21495
12847
-4827
27495
-15937
6374
-23948
17483
-8374
29384
-12847
4827
-31847
19384
-6374
25938
-17483
8472
-21495
14827
-9283
31847
-4827
23948
-15937
6374
-27495
12847
-8374
29384
-19384
4827
-23948
17483
-6374
25938
-12847
8472
-31847
14827
-9283
27495
-4827
19384
-15937
6374
-21495
12847
-8374
29384
-17483
4827
-25938
19384
-6374
31847
-12847
8472
-23948
14827
-9283
27495
-4827
19384
-15937
6374
-21495
12847
-8374
29384
-17483
4827
-25938
19384
-6374
31847
-12847
8472
-23948
14827
-9283
27495
-4827
19384
-15937
6374
-21495
12847
-8374
29384
-17483
4827
-25938
19384
-6374
31847
-12847
8472
-23948
14827
-9283
27495
-4827
19384
-15937
6374
-21495
12847
-8374
29384
-17483
4827
-25938
19384
-6374
31847
-12847
8472
-23948
14827
-9283
27495
-4827
19384
-15937
6374
-21495
12847
-8374
29384
-17483
4827
-25938
19384
-6374
31847
-12847
8472
-23948
14827
-9283
27495
-4827
19384
-15937
6374
-21495
12847
-8374
29384
-17483
4827
-25938
19384
-6374
31847
-12847
8472
-23948
14827
-9283
-31847
14827
-9283
27495
-4827
19384
-15937
6374
-21495
27495
-4827
19384